
=== 1. DA forecast error SOUTHWEST: model minus published DA (+ = model too high) ===
hours 1704, days 71  mean -0.20  median +0.48  MAE 6.48
share model too high: 53.2%   too low: 46.8%
error percentiles: {0.01: np.float64(-32.97), 0.05: np.float64(-14.97), 0.1: np.float64(-9.6), 0.25: np.float64(-3.83), 0.5: np.float64(0.48), 0.75: np.float64(4.64), 0.9: np.float64(9.89), 0.95: np.float64(13.56), 0.99: np.float64(21.33)}
error histogram ($):
err
(-999, -30]     23
(-30, -15]      62
(-15, -10]      77
(-10, -5]      184
(-5, -2]       249
(-2, 2]        439
(2, 5]         266
(5, 10]        237
(10, 15]        97
(15, 30]        69
(30, 999]        1

by HE (mean, median, MAE, % too high):
he        1     2     3     4     5     6     7     8     9     10    11    12    13    14    15    16    17    18    19    20    21    22    23    24
mean    -0.7   0.3   0.8   0.9   1.0   0.3  -0.1  -0.7  -0.1  -0.8   0.0  -1.1  -3.0  -2.1  -0.3   1.0   1.8   0.2  -4.0  -0.9   0.4  -0.5   1.8   1.0
median  -0.4   0.8   1.0   0.8   1.1   0.2  -0.5  -1.5  -0.6  -0.7  -0.7  -1.2  -2.6  -0.9   1.4   3.1   4.6   3.5  -2.0   0.5   1.8   1.7   1.8   0.3
mae      3.4   2.9   2.8   2.7   2.9   3.3   5.4   5.4   5.9   5.6   6.7   6.7   8.1   8.0   9.1   9.0  12.5  12.1  10.3   8.1   7.8   7.4   5.0   4.2
hi      45.1  56.3  57.7  56.3  63.4  59.2  46.5  42.3  47.9  49.3  47.9  45.1  38.0  46.5  56.3  59.2  67.6  64.8  43.7  52.1  53.5  59.2  66.2  52.1

by weekday (0=Mon):
dow        0     1     2     3     4     5     6
mean    0.14 -0.40  2.49 -1.92  2.58 -3.20 -1.00
median  2.06  1.12  1.71 -0.19  2.41 -3.23 -1.20
mae     7.86  8.34  5.95  6.81  5.74  5.65  5.13

by published DA level:
              n   mean  median    mae
da_band                              
(0, 30]      60   3.47    3.52   3.63
(30, 40]    535   0.93    0.74   3.39
(40, 50]    393   1.65    0.96   4.89
(50, 60]    210   2.03    2.25   6.63
(60, 80]    202  -1.05   -2.06   8.25
(80, 120]   252  -3.89   -3.24  11.08
(120, 999]   52 -17.80  -13.62  23.69

daily: 71 days, model on-peak too high on 37 days, too low on 34
            dow     da     fc    err    mae  worst  hi_hours   da_on   fc_on  err_on
date                                                                                
2026-07-19    6  41.18  40.08  -1.10   3.64  12.41         8   45.09   44.24   -0.85
2026-07-20    0  43.73  52.81   9.08   9.46  22.89        22   50.44   61.47   11.03
2026-07-21    1  42.05  41.82  -0.23   4.06  10.03        10   48.95   48.51   -0.44
2026-07-22    2  38.04  40.32   2.28   3.42  15.12        18   42.16   44.13    1.98
2026-07-23    3  40.49  40.96   0.47   2.80   8.30        12   44.50   45.50    1.00
2026-07-24    4  42.63  44.30   1.67   2.12   6.45        21   48.10   49.77    1.68
2026-07-25    5  45.42  40.97  -4.45   4.45  -8.41         0   50.88   45.76   -5.11
2026-07-26    6  49.96  44.08  -5.88   6.80 -20.73         7   58.46   48.97   -9.49
2026-07-27    0  76.08  57.92 -18.16  19.46 -74.37         8   95.48   68.33  -27.15
2026-07-28    1  53.73  51.15  -2.59   3.85 -10.71         8   62.32   58.80   -3.52
2026-07-29    2  47.37  49.60   2.24   6.77  16.74        11   52.71   57.16    4.46
2026-07-30    3  59.59  57.73  -1.86   6.14 -25.03        14   70.95   66.43   -4.52
2026-07-31    4  59.53  62.51   2.98   5.81  12.00        17   71.24   72.96    1.72
2026-08-01    5  57.04  55.86  -1.18   6.80 -18.52        11   67.75   62.83   -4.92
2026-08-02    6  41.65  48.25   6.61   7.32  23.18        21   45.74   54.75    9.01
2026-08-03    0  48.56  56.09   7.53   7.63  20.27        23   56.34   66.00    9.66
2026-08-04    1  60.40  70.47  10.07  11.17  22.31        21   73.82   85.76   11.94
2026-08-05    2  69.46  81.09  11.64  11.95  29.36        23   86.48  100.79   14.32
2026-08-06    3  94.56  82.47 -12.09  13.09 -57.29         4  120.29  102.33  -17.96
2026-08-07    4  93.59  85.36  -8.23  12.17 -58.15         7  112.73  106.00   -6.73
2026-08-08    5  66.26  61.68  -4.58   9.58 -26.55         7   76.02   70.49   -5.53
2026-08-09    6  60.13  64.33   4.20   6.59  11.63        19   69.69   73.62    3.93
2026-08-10    0  87.03  83.47  -3.57   9.92 -42.39        14  108.67  101.90   -6.77
2026-08-11    1  85.44  79.20  -6.24  13.17 -36.18         6  102.76   94.18   -8.58
2026-08-12    2  84.70  79.53  -5.17   8.52 -24.02         6  100.14   93.96   -6.18
2026-08-13    3  81.65  80.77  -0.88   8.40  17.29        10   97.35   96.06   -1.29
2026-08-14    4  68.00  73.70   5.70   6.65  17.01        19   81.14   85.73    4.59
2026-08-15    5  58.41  50.52  -7.89   8.56 -23.71         3   67.33   56.42  -10.91
2026-08-16    6  60.32  54.92  -5.40   6.38 -17.26         7   70.72   62.72   -8.00
2026-08-17    0  80.17  79.42  -0.76   8.33 -48.12        16   97.99   94.97   -3.02
2026-08-18    1  75.57  78.25   2.68   6.59  18.74        16   90.90   91.73    0.83
2026-08-19    2  67.82  72.11   4.29   6.64  23.77        17   80.26   84.44    4.18
2026-08-20    3  57.83  65.11   7.29   7.44  20.57        22   66.56   76.09    9.52
2026-08-21    4  55.50  58.73   3.22   3.78  11.30        20   64.79   68.10    3.30
2026-08-22    5  52.97  46.09  -6.88   6.88 -20.00         0   60.37   51.16   -9.21
2026-08-23    6  39.60  40.21   0.61   3.19  11.62        10   41.64   43.00    1.36
2026-08-24    0  46.18  52.63   6.45   6.84  16.36        22   52.11   60.65    8.54
2026-08-25    1  51.63  63.05  11.42  11.42  25.42        24   58.93   74.77   15.84
2026-08-26    2  49.46  58.12   8.66   8.66  17.45        23   56.66   67.44   10.78
2026-08-27    3  57.76  58.40   0.64   4.26 -25.58        17   68.78   69.73    0.94
2026-08-28    4  49.73  55.51   5.78   6.16  20.52        21   56.64   64.82    8.18
2026-08-29    5  39.35  40.28   0.93   3.71   9.40        13   42.40   43.87    1.48
2026-08-30    6  44.63  42.42  -2.21   3.70  -8.50         6   49.50   46.95   -2.55
2026-08-31    0  60.33  58.17  -2.15   4.52 -16.87         9   72.31   68.98   -3.34
2026-09-01    1  98.44  77.04 -21.40  21.40 -94.18         0  123.47   94.12  -29.35
2026-09-02    2  77.68  78.34   0.66   3.12  10.36        12   93.22   94.02    0.80
2026-09-03    3  86.39  81.82  -4.57   7.50 -17.44         5  103.33   98.65   -4.68
2026-09-04    4  61.37  68.14   6.77   7.82  19.43        21   70.82   79.66    8.84
2026-09-05    5  43.51  46.89   3.38   4.72  11.10        18   46.36   49.90    3.55
2026-09-06    6  42.05  39.08  -2.97   4.93 -12.09         7   44.25   40.85   -3.41
2026-09-07    0  44.20  43.64  -0.55   5.20  14.82         8   47.81   47.46   -0.35
2026-09-08    1  57.08  56.58  -0.50   5.45 -16.93        15   67.46   65.43   -2.03
2026-09-09    2  53.27  55.15   1.87   3.23  10.31        18   61.08   63.42    2.34
2026-09-10    3  53.30  53.51   0.21   4.38  20.84        11   59.98   61.32    1.34
2026-09-11    4  43.98  50.28   6.30   6.82  20.88        23   47.95   56.27    8.32
2026-09-12    5  45.49  41.87  -3.62   3.82 -13.83         5   50.29   44.87   -5.42
2026-09-13    6  43.82  46.17   2.35   4.38  10.41        16   48.38   50.57    2.19
2026-09-14    0  44.79  44.35  -0.44   3.16 -10.31        12   48.93   49.50    0.57
2026-09-15    1  40.07  41.22   1.15   3.40  -7.12        17   43.07   44.21    1.14
2026-09-16    2  53.92  51.60  -2.32   4.02  -9.00         6   61.45   59.06   -2.39
2026-09-17    3  62.60  52.22 -10.38  11.01 -32.51         4   72.44   59.28  -13.16
2026-09-18    4  44.10  45.91   1.81   3.31  11.04        16   46.81   50.49    3.68
2026-09-19    5  42.17  39.21  -2.96   2.97  -6.80         2   44.08   40.73   -3.36
2026-09-20    6  41.49  35.81  -5.68   5.68 -12.59         0   43.46   36.90   -6.56
2026-09-21    0  40.07  44.08   4.01   4.09  10.72        22   43.51   47.71    4.20
2026-09-22    1  39.13  40.72   1.59   2.84   7.71        18   42.07   43.87    1.80
2026-09-23    2  36.67  37.47   0.80   3.16   7.74        14   40.81   39.90   -0.91
2026-09-24    3  39.50  41.46   1.96   3.05   6.45        19   43.19   45.46    2.27
2026-09-25    4  42.66  42.50  -0.16   2.77   6.32        11   44.96   45.69    0.73
2026-09-26    5  40.44  35.64  -4.80   4.96 -13.94         2   42.45   36.22   -6.23
2026-09-27    6  39.66  38.13  -1.53   3.84 -10.21        11   43.22   39.54   -3.67

worst 12 hours model TOO LOW:
      date  he    da  p_da   err   head
2026-09-01  18 224.5 130.3 -94.2 3609.0
2026-09-01  17 210.6 131.5 -79.1 3220.0
2026-07-27  18 159.2  84.8 -74.4 7620.0
2026-09-01  19 187.4 118.0 -69.4 4039.0
2026-07-27  17 149.1  85.6 -63.6 7554.0
2026-08-07  15 199.4 141.3 -58.1 4889.0
2026-08-06  18 196.4 139.1 -57.3 3255.0
2026-09-01  20 165.9 114.5 -51.4 3988.0
2026-08-17  19 174.0 125.8 -48.1 4224.0
2026-08-06  17 183.1 139.9 -43.2 3343.0
2026-08-10  19 182.6 140.2 -42.4 4040.0
2026-07-27  14 115.2  73.9 -41.3 8211.0

worst 12 hours model TOO HIGH:
      date  he    da  p_da  err   head
2026-08-11  17 117.1 147.3 30.1 4120.0
2026-08-05  14  76.1 105.4 29.4 5026.0
2026-08-05  15  92.7 120.6 27.9 4032.0
2026-08-05  13  69.4  97.1 27.7 5377.0
2026-08-05  12  62.6  88.2 25.5 6031.0
2026-08-05  16 107.9 133.4 25.5 3513.0
2026-08-25  15  51.4  76.8 25.4 6350.0
2026-08-25  16  62.8  88.1 25.3 5686.0
2026-08-11  18 120.2 145.4 25.2 3935.0
2026-08-19  18  93.2 116.9 23.8 5191.0
2026-08-02  16  50.6  73.8 23.2 9386.0
2026-07-20  17  66.8  89.7 22.9 8495.0

=== 2. DA - RT anatomy SOUTHWEST: 92 days, 2199 hours (2026-06-28 to 2026-09-27) ===
mean +4.33  median +3.57  DA>RT in 61.2% of hours
spread percentiles: {0.01: np.float64(-115.68), 0.05: np.float64(-39.07), 0.1: np.float64(-23.04), 0.25: np.float64(-5.79), 0.5: np.float64(3.57), 0.75: np.float64(13.54), 0.9: np.float64(32.0), 0.95: np.float64(55.96), 0.99: np.float64(147.24)}

by HE, weekday(0) vs weekend(1): mean / median / % DA>RT
       mean       median        win      
wkend     0     1      0    1     0     1
he                                       
1      -5.1   1.9    1.7  4.5  53.8  74.1
2      -1.0  -0.8    2.5  0.8  56.9  63.0
3       0.3  -0.9    0.7  0.3  53.8  55.6
4       2.2  -0.9    1.1 -0.6  55.4  48.1
5       1.8   0.5    1.8 -1.2  53.8  44.4
6      -0.1   3.1    1.8  1.0  55.4  63.0
7       3.1   5.2    2.9  4.2  58.5  74.1
8       2.6   2.5    4.9  1.3  64.6  66.7
9       5.0   0.1    1.8  2.8  63.1  55.6
10      2.9   0.2    0.7  1.8  52.3  55.6
11      9.6  -3.3    1.9 -1.9  56.9  44.4
12      2.8  -6.1    3.8 -2.8  61.5  44.4
13      8.9  -7.3    3.1 -7.2  61.5  25.9
14     10.4  -3.0    7.7 -0.6  64.6  44.4
15     14.9  -3.5    7.2 -2.7  70.8  37.0
16     16.7  -4.8    7.7 -1.0  67.7  50.0
17     13.7  -3.4   11.1  4.2  70.8  57.7
18     27.8 -18.7   16.1  7.9  80.0  61.5
19     13.0   8.6   20.6  8.1  75.4  69.2
20     17.8   2.5   12.8  2.9  78.5  53.8
21     14.0  -4.5   10.2  5.1  75.4  57.7
22      5.9  -7.7    3.0  7.4  60.0  65.4
23     -3.8  -3.9    1.6  5.3  53.8  61.5
24     -0.6   4.1    5.4  8.4  70.8  80.8

per day, mean DA-RT by block (+ = sell won):
blk         night HE1-6  morning HE7-11  midday HE12-16  evening HE17-21  late HE22-24  dow   day
date                                                                                             
2026-06-28         10.4            -2.3           -15.4            -10.6           2.3    6  -3.0
2026-06-29          0.4           -15.4           -19.3             57.3           8.1    0   5.8
2026-06-30         14.3            19.4            21.4           -112.8         -68.1    1 -19.9
2026-07-01          0.3            -8.3            -8.1            110.6          72.1    2  28.7
2026-07-02         21.5            86.8           119.8             90.4          44.2    3  72.8
2026-07-03        -32.2            37.7            59.1            200.4          -7.8    4  52.9
2026-07-04        -11.3            -3.0            13.0           -129.7         -15.9    5 -29.8
2026-07-05         -3.7            -8.5           -28.0             34.3          11.8    6   0.1
2026-07-06         17.5            -7.6           -24.6             11.2         -11.7    0  -1.5
2026-07-07         -5.1            -6.1            15.4             14.0         -10.4    1   2.3
2026-07-08         -1.8             2.7            24.7             57.0         -22.1    2  14.4
2026-07-09        -10.0            -1.7            20.7             59.8          -4.7    3  13.3
2026-07-10          3.7            33.8             2.8             51.9          -0.9    4  19.2
2026-07-11         -6.3           -25.1            -2.8             26.3           5.5    5  -1.2
2026-07-12          2.5             9.2            -3.7             19.9           7.5    6   6.8
2026-07-13          5.3            26.4            45.8             32.2          32.7    0  27.2
2026-07-14         14.5            36.9           123.9            196.8          57.2    1  85.3
2026-07-15        -12.9           103.7           131.9            147.4          46.9    2  82.4
2026-07-16         10.4             9.8             2.2             39.3          30.8    3  17.1
2026-07-17         -2.4           -10.8           -16.0             -6.5          -7.2    4  -8.4
2026-07-18         -3.4            -3.3             8.8             12.8           7.8    5   3.9
2026-07-19          9.1            -1.4            -5.4            -15.8         -13.3    6  -4.1
2026-07-20         -1.5             6.0             6.9            -20.1           1.3    0  -1.7
2026-07-21         11.9           -13.5             4.2             10.6          13.7    1   5.0
2026-07-22         11.2             7.3            12.6              9.7           6.2    2   9.7
2026-07-23          8.5             9.2             6.3              8.1           7.1    3   7.9
2026-07-24         -0.3            -3.3             2.2            -13.5           9.8    4  -1.9
2026-07-25          9.5            18.3           -12.7              0.8         -24.9    5   0.6
2026-07-26         -0.8            -5.2           -41.0            -35.4        -112.8    6 -31.3
2026-07-27        -45.7           -21.0             9.1           -165.9         -39.2    0 -53.4
2026-07-28        -26.9             2.0           -20.5              1.5         -23.5    1 -13.2
2026-07-29          3.6           -14.2             7.1            -35.8           5.5    2  -7.3
2026-07-30         12.3             7.0             4.4             18.7          10.3    3  10.6
2026-07-31          5.5             3.6           -22.9              4.3         -38.7    4  -6.6
2026-08-01         -3.4            -2.2           -34.4            -26.6         -11.0    5 -15.4
2026-08-02          4.9            10.6            24.4             15.7          15.4    6  13.7
2026-08-03          6.6             7.5            13.2            -22.5           8.0    0   2.3
2026-08-04         12.4             5.9            15.1            -17.8           5.1    1   4.4
2026-08-05         -5.6             3.7           -20.3             18.7         -65.8    2  -9.2
2026-08-06        -21.3            30.2            24.0            -10.7        -131.4    3 -12.7
2026-08-07        -30.6            27.8             1.6           -251.5         -17.3    4 -56.1
2026-08-08        -12.1            16.9            15.6             15.4          25.4    5  10.1
2026-08-09          4.1            -7.2           -19.5             33.8          13.7    6   4.2
2026-08-10        -13.6             8.7           -62.8            -25.0         -13.7    0 -21.6
2026-08-11        -14.7             5.6           -14.5             42.0          -6.8    1   2.4
2026-08-12          0.2            32.3            62.0             57.0          36.3    2  36.1
2026-08-13          4.4            19.1            11.4             30.0           7.1    3  14.6
2026-08-14        -15.2            -7.8            -8.1             24.9         -24.7    4  -5.0
2026-08-15        -10.1           -11.4           -16.3             -1.5           7.6    5  -7.7
2026-08-16          7.4             7.9             2.5            -57.1         -44.7    6 -13.5
2026-08-17         -8.5           -54.7            33.3             41.0          19.6    0   4.4
2026-08-18          9.2            29.7            32.5             58.5           4.8    1  28.0
2026-08-19         -4.4             1.2            -2.3             19.4          22.8    2   5.6
2026-08-20          4.1             7.7             4.2             -6.9          -7.4    3   1.1
2026-08-21        -11.4           -26.5           -19.6             13.6           3.2    4  -9.2
2026-08-22          1.1             9.4            -5.0             14.8          -4.8    5   3.7
2026-08-23          5.5             5.5            20.5             18.0          14.7    6  12.4
2026-08-24          9.3             8.9            11.4             26.0           8.0    0  13.0
2026-08-25          1.1            -1.8            -0.4             20.3           2.4    1   4.3
2026-08-26          8.5            -2.8             8.5             18.3           4.9    2   7.7
2026-08-27         -4.8           -19.5             0.3             33.5          11.7    3   3.2
2026-08-28          1.8             8.9             4.0             11.5          13.7    4   7.3
2026-08-29         12.9            17.2             4.9             13.4          11.8    5  12.1
2026-08-30          4.0            -3.8             1.3             14.1           9.3    6   4.6
2026-08-31          1.6           -39.6            23.2             44.1          -4.5    0   5.6
2026-09-01          4.4            -1.4            45.1             90.3           5.3    1  29.7
2026-09-02          0.9            19.4            40.3             53.3          32.0    2  27.8
2026-09-03          6.3             0.5           -18.6             59.1           9.1    3  11.2
2026-09-04         -2.0           -10.6             2.4              7.5         -17.0    4  -2.8
2026-09-05          0.0             4.9           -10.4            -25.8           5.0    5  -5.9
2026-09-06          1.4             3.1             1.0              4.0           7.6    6   3.0
2026-09-07          6.7             1.4            -6.1             -9.9           4.1    0  -0.8
2026-09-08         -2.9           -18.2            13.7             18.2          -6.3    1   1.3
2026-09-09         -3.7            -6.1            20.8             12.8           4.8    2   5.4
2026-09-10         -0.6            -6.2           -24.8             16.0          -2.1    3  -3.6
2026-09-11         -3.4             1.4             1.4            -20.1           4.0    4  -4.0
2026-09-12         -4.4             1.1            -5.0              2.7          -7.3    5  -2.3
2026-09-13         -6.1           -14.9           -17.6              1.9          10.7    6  -6.6
2026-09-14          9.8             7.8             2.0            -48.4           0.7    0  -5.5
2026-09-15          4.3             7.4           -12.3             -5.0          -3.7    1  -1.5
2026-09-16        -11.8           -26.8            -7.4              5.5         -21.2    2 -11.6
2026-09-17         -8.3           -27.5           -26.8              7.1         -26.1    3 -15.2
2026-09-18          5.4             1.4            -0.4             11.1          12.0    4   5.4
2026-09-19          0.5             0.2            -2.6             -3.3          -6.4    5  -1.9
2026-09-20         -3.5             2.0           -10.1             -1.8          11.7    6  -1.5
2026-09-21         19.5            14.4            16.4             10.9          15.9    0  15.5
2026-09-22         23.4            12.2            15.6             14.0          14.6    1  16.4
2026-09-23          9.3             5.3             8.8              5.3           8.3    2   7.4
2026-09-24         -9.7            -3.4            -0.8              2.1           6.8    3  -2.0
2026-09-25          1.0            -3.6             3.0              1.1           4.8    4   1.0
2026-09-26          2.7            -2.9            -3.7             -1.6           8.6    5   0.0
2026-09-27          2.3            10.0            11.4              NaN           NaN    6   7.3

share of days each block favoured SELL (%): {'night HE1-6': np.float64(57.0), 'morning HE7-11': np.float64(58.0), 'midday HE12-16': np.float64(59.0), 'evening HE17-21': np.float64(70.0), 'late HE22-24': np.float64(62.0)}
morning HE7-11: mean +3.56, median +1.70, sell won 53 of 92 days; weekends mean +0.93

largest 15 hours RT >> DA (the sell risk):
      date  he    da    rt     sp   head    gapT
2026-07-04  18 184.0 790.3 -606.3 6640.0   547.2
2026-06-30  20 240.0 685.3 -445.3 5733.0  -914.1
2026-08-07  19 111.4 545.5 -434.0 5237.0  -147.2
2026-08-07  18 130.8 439.2 -308.4 4662.0  -254.5
2026-07-27  19 117.3 422.8 -305.5 7965.0   366.6
2026-07-27  20 103.6 400.5 -296.9 8247.0   162.0
2026-08-07  17 175.0 419.1 -244.1 4432.0  -142.3
2026-07-27  18 159.2 384.1 -224.9 7620.0   401.6
2026-06-30  19 239.4 440.6 -201.3 5176.0 -1071.7
2026-07-03   1  46.2 232.6 -186.4 8912.0  -405.0
2026-08-06  22 104.2 265.9 -161.7 6011.0  -421.8
2026-06-30  21 150.6 300.0 -149.4 6070.0  -687.8
2026-08-06  23  71.2 215.8 -144.6 7327.0  -412.5
2026-08-16  21  87.5 229.3 -141.8 7201.0  -184.7
2026-07-01  17 253.9 391.8 -137.9 4853.0  -741.5

=== 3. Walk-forward signals SOUTHWEST: 70 test days 2026-07-20..2026-09-27 ===
sign hit-rate of regression: 57.6% vs 60.6% for always picking the majority side; corr = 0.078
  corr(prof   , spread) = -0.053  (n=1671)
  corr(lag2   , spread) = -0.005  (n=1671)
  corr(head_k , spread) = -0.041  (n=1671)
  corr(gapT_k , spread) = -0.016  (n=1633)
  corr(wind_k , spread) = +0.075  (n=1671)
  corr(dem_k  , spread) = -0.005  (n=1671)
  corr(nyx    , spread) = -0.160  (n=1671)
  corr(pda    , spread) = +0.064  (n=1671)
regression forecast quintile -> realised spread:
            s_hat  realised  median    win    n
q                                              
Q1 lowest   -5.12     -2.15    0.24  50.45  335
Q2          -0.64     -0.25    2.56  60.48  334
Q3           2.32     -2.25    1.82  56.29  334
Q4           5.53      2.13    4.49  64.07  334
Q5 highest  10.94      4.88    8.53  71.86  334
                                          rule  hours  sells  buys  usd_mwh          ci90  win  total  days  days_up  worst_day  best_day
                             A sell every hour   1671   1671     0     0.47  -2.58..+3.42 60.6    784    70       57      -1345       867
              B v1 rules (in-sample 8,500/600)    685    653    32     2.27  -2.91..+7.65 61.9   1558    66       64      -1354       691
                           C v1 sell side only    653    653     0     2.11  -3.62..+7.52 61.6   1381    62       63      -1354       691
                            D v1 buy side only     32      0    32     5.54 -3.92..+10.02 68.8    177     8       62        -35       175
E headroom rule, threshold picked walk-forward    273    273     0     9.34 -2.17..+19.88 69.6   2551    33       70      -1140       686
   F hour profile: sell if trailing median > 0   1410   1410     0     0.49  -2.92..+3.60 60.9    688    70       57      -1345       820
        G hour profile both ways (buy if < -2)   1525   1410   115     0.35  -2.59..+3.26 59.5    540    70       60      -1345       782
                     H regression: sell if > 0   1106   1106     0     1.62  -1.75..+4.69 63.7   1790    70       60       -993       680
          I regression both ways (buy if < -2)   1457   1106   351     1.77  -0.77..+4.22 60.3   2586    70       64       -897       664
              J regression strong: sell if > 3    756    756     0     3.22  -1.09..+7.59 66.7   2436    68       66       -910       689
         K sell unless Tesla >= 600 above IESO   1636   1636     0     0.58  -2.49..+3.40 61.2    954    70       59      -1345       867
      L sell all except HE17-21 when not tight   1564   1564     0     0.39  -2.79..+3.28 60.3    617    70       59      -1345       867

offer-price execution, sell every hour but only clears if DA >= offer (61 days):
offer_at  cleared   of  usd_mwh  win  total  missed_hours_avg
    none     1455 1455     1.83 61.6   2662               NaN
     q10     1307 1455     1.94 61.4   2530              0.89
     q25     1080 1455     2.32 60.7   2506              0.42
     q50      719 1455     2.70 60.1   1941              0.98
     q75      383 1455     2.15 58.7    822              1.72

daily record, 1 MW per hour ($):
            dow  spread  sell_all  v1_sell  v1_buy      v1  reg_sell  reg_buy    reg
date                                                                                
2026-07-20    0    -1.7     -41.2       15       0   -51.6        16        5  -40.7
2026-07-21    1     5.0     119.0        2       4   -66.6        22        1   62.7
2026-07-22    2     9.7     233.5        0       0     0.0        17        3  162.3
2026-07-23    3     7.9     190.7        6       0    84.0        10       11    1.0
2026-07-24    4    -1.9     -45.4        9       0   -89.7        13        6  -76.8
2026-07-25    5     0.6      14.3       11       0    50.1        14        7  -35.9
2026-07-26    6   -31.3    -751.2        6       0   -96.2         7       17   88.5
2026-07-27    0   -53.4   -1280.6       11       0  -820.3        11        9 -712.2
2026-07-28    1   -13.2    -317.1        0      14   175.3         5       16  220.1
2026-07-29    2    -7.3    -176.2        1       0     1.9        15        7  -96.3
2026-07-30    3    10.6     254.9       10       0   142.7        12        9   26.9
2026-07-31    4    -6.6    -158.1       23       0  -136.6        16        3 -114.3
2026-08-01    5   -15.4    -369.2        7       1  -218.8         2       19  264.8
2026-08-02    6    13.7     329.2        2       0    40.5         7       14  -34.2
2026-08-03    0     2.3      54.6       23       0    56.1        24        0   54.6
2026-08-04    1     4.4     105.4       20       0    44.4        20        2   23.6
2026-08-05    2    -9.2    -220.3       24       0  -220.3        24        0 -220.3
2026-08-06    3   -12.7    -304.2       17       0    -3.7        23        0 -216.4
2026-08-07    4   -56.1   -1345.5       13       0 -1353.8        12        5 -897.3
2026-08-08    5    10.1     242.8       19       0   193.1        22        1  192.5
2026-08-09    6     4.2     100.7       19       0    89.2        15        5  -17.9
2026-08-10    0   -21.6    -517.8       11       0  -330.5        18        2 -393.7
2026-08-11    1     2.4      57.2       10       0   113.5         4       17  210.6
2026-08-12    2    36.1     866.9       12       0   547.7         1       20 -718.6
2026-08-13    3    14.6     350.0       13       0   196.1         6       15  -17.0
2026-08-14    4    -5.0    -120.2       13       0   157.0        16        6  130.8
2026-08-15    5    -7.7    -183.9        8       0   -44.9        10       12  169.6
2026-08-16    6   -13.5    -323.1        8       1  -341.2        12       10 -551.6
2026-08-17    0     4.4     105.8        9       0   342.4        16        4  143.9
2026-08-18    1    28.0     672.7       24       0   672.7        22        0  657.9
2026-08-19    2     5.6     133.6        8       0    71.7        11        6  134.0
2026-08-20    3     1.1      27.2       10       0   -41.9        11        9  -90.1
2026-08-21    4    -9.2    -221.1       11       0   -35.6        18        3 -161.0
2026-08-22    5     3.7      88.2       11       0   110.0        16        5  128.2
2026-08-23    6    12.4     296.5        0       0     0.0        21        1  207.9
2026-08-24    0    13.0     311.0        5       0   122.2        24        0  311.0
2026-08-25    1     4.3     104.1        9       0   104.2        23        0   96.2
2026-08-26    2     7.7     185.2       11       0   140.2        24        0  185.2
2026-08-27    3     3.2      77.4        8       0   179.7        13        1   66.3
2026-08-28    4     7.3     174.1        8       0    69.8        11        5   70.2
2026-08-29    5    12.1     290.3        3       0    63.0        19        4  265.4
2026-08-30    6     4.6     109.9        9       0    50.7        12        8   39.1
2026-08-31    0     5.6     134.3        8       0   323.3         6       15  307.8
2026-09-01    1    29.7     711.9        9       0   690.9        17        2  663.6
2026-09-02    2    27.8     666.1       10       0   423.7        20        0  661.9
2026-09-03    3    11.2     270.0        9       0   287.7        16        2  185.9
2026-09-04    4    -2.8     -66.0        9       0   112.3        13        3    1.7
2026-09-05    5    -5.9    -141.3       16       0  -155.8        23        0 -128.9
2026-09-06    6     3.0      71.7        8       0    46.0        19        3   55.6
2026-09-07    0    -0.8     -20.0       18       0   -27.6        15        7    2.7
2026-09-08    1     1.3      32.2       18       0    71.8        20        1  110.2
2026-09-09    2     5.4     129.7       18       0   102.9        24        0  129.7
2026-09-10    3    -3.6     -85.4        8       0   -37.7        19        0  -31.8
2026-09-11    4    -4.0     -95.4       11       0  -102.0        19        1  -78.3
2026-09-12    5    -2.3     -54.6       19       0   -20.5        23        1  -48.0
2026-09-13    6    -6.6    -158.1        9       0   -83.5        24        0 -158.1
2026-09-14    0    -5.5    -131.9        8       0  -199.7        18        1 -193.1
2026-09-15    1    -1.5     -34.9        5       0     9.3        24        0  -34.9
2026-09-16    2   -11.6    -278.2       12       0   -15.3        10       11  151.8
2026-09-17    3   -15.2    -364.7        8       0    22.7         5       15  379.5
2026-09-18    4     5.4     128.8        1       0     2.5        14        3   64.4
2026-09-19    5    -1.9     -44.6        0       1     4.4        21        0  -40.9
2026-09-20    6    -1.5     -35.0        0       5    45.0        17        1   18.0
2026-09-21    0    15.5     373.2        4       0    52.8        21        0  293.8
2026-09-22    1    16.4     393.9        1       0    31.7        23        0  379.0
2026-09-23    2     7.4     177.6        0       3   -14.4        23        0  173.2
2026-09-24    3    -2.0     -48.2        3       3    17.2        20        3    0.2
2026-09-25    4     1.0      23.3        2       0     3.5         8        8   26.3
2026-09-26    5     0.0       0.4        0       0     0.0        14        6   66.3
2026-09-27    6     7.3     109.3        0       0     0.0        24        0  109.3

permutation: regression-selected sell hours avg +1.62 vs random same-count +0.47; p = 0.019

by month $/MWh:
            A     B     I
month                    
2026-07 -6.80 -7.20 -2.04
2026-08  1.63  3.09  0.52
2026-09  2.39  5.82  4.99
