
=== 1. DA forecast error TORONTO: model minus published DA (+ = model too high) ===
hours 1704, days 71  mean -0.48  median +0.23  MAE 6.44
share model too high: 51.2%   too low: 48.8%
error percentiles: {0.01: np.float64(-33.28), 0.05: np.float64(-15.17), 0.1: np.float64(-9.55), 0.25: np.float64(-3.92), 0.5: np.float64(0.23), 0.75: np.float64(4.47), 0.9: np.float64(9.5), 0.95: np.float64(13.35), 0.99: np.float64(20.38)}
error histogram ($):
err
(-999, -30]     26
(-30, -15]      62
(-15, -10]      70
(-10, -5]      199
(-5, -2]       263
(-2, 2]        445
(2, 5]         250
(5, 10]        233
(10, 15]        98
(15, 30]        58
(30, 999]        0

by HE (mean, median, MAE, % too high):
he        1     2     3     4     5     6     7     8     9     10    11    12    13    14    15    16    17    18    19    20    21    22    23    24
mean    -0.9   0.1   0.7   0.8   0.8   0.1  -0.4  -1.2  -0.7  -1.6  -0.8  -3.2  -3.4  -2.1   0.4   2.1   0.8  -0.6  -3.8  -0.7  -0.5   0.1   1.3   1.1
median  -1.0   0.5   0.7   0.9   1.0   0.3  -0.7  -1.8  -0.8  -0.4  -1.6  -1.6  -2.3  -1.2   1.4   4.2   4.7   3.9  -1.7  -0.1   0.4   1.7   1.9   0.2
mae      3.4   2.9   2.8   2.7   2.9   3.5   5.4   5.6   6.3   6.3   5.9   7.5   7.1   7.1   8.4   8.8  12.6  12.5  10.2   8.0   7.8   6.8   5.5   4.3
hi      42.3  53.5  56.3  53.5  62.0  56.3  43.7  45.1  47.9  43.7  40.8  39.4  33.8  45.1  53.5  64.8  66.2  63.4  43.7  49.3  52.1  57.7  63.4  52.1

by weekday (0=Mon):
dow        0     1     2     3     4     5     6
mean   -0.33 -0.29  1.67 -1.14  2.23 -4.02 -1.37
median  1.57  1.01  1.13 -0.39  2.36 -3.43 -1.58
mae     7.89  7.75  5.23  6.63  6.32  6.22  5.15

by published DA level:
              n   mean  median    mae
da_band                              
(0, 30]      61   3.46    3.61   3.63
(30, 40]    536   0.90    0.67   3.42
(40, 50]    388   1.62    0.82   5.00
(50, 60]    197   1.75    1.89   6.62
(60, 80]    198  -2.21   -2.39   7.78
(80, 120]   270  -3.64   -3.21  10.39
(120, 999]   54 -19.67  -10.43  24.61

daily: 71 days, model on-peak too high on 36 days, too low on 35
            dow     da     fc    err    mae  worst  hi_hours   da_on   fc_on  err_on
date                                                                                
2026-07-19    6  40.94  40.07  -0.87   3.70  12.83         8   44.77   44.23   -0.54
2026-07-20    0  43.54  52.74   9.20   9.58  22.84        22   50.20   61.38   11.17
2026-07-21    1  42.08  41.70  -0.38   4.15   9.88        10   49.00   48.35   -0.66
2026-07-22    2  37.93  40.23   2.30   3.43  15.09        18   42.02   44.03    2.00
2026-07-23    3  40.26  40.88   0.62   2.85   8.57        12   44.26   45.42    1.16
2026-07-24    4  42.46  44.22   1.76   2.18   6.49        21   47.90   49.68    1.78
2026-07-25    5  45.20  40.94  -4.25   4.25  -8.21         0   50.64   45.73   -4.92
2026-07-26    6  49.72  44.04  -5.69   6.69 -20.43         8   58.21   48.93   -9.28
2026-07-27    0  75.56  57.78 -17.78  19.18 -73.58         8   94.86   68.18  -26.68
2026-07-28    1  53.55  50.96  -2.59   3.90 -10.82         8   62.23   58.58   -3.65
2026-07-29    2  47.26  49.46   2.20   6.68  16.64        11   52.64   57.01    4.37
2026-07-30    3  59.32  57.65  -1.67   6.15 -24.23        14   70.68   66.35   -4.33
2026-07-31    4  59.48  62.47   2.99   5.93  12.06        17   71.23   72.93    1.70
2026-08-01    5  56.96  55.81  -1.15   6.88 -18.56        11   67.70   62.78   -4.92
2026-08-02    6  41.68  48.12   6.44   7.18  23.20        21   45.75   54.57    8.82
2026-08-03    0  48.60  56.00   7.40   7.55  20.38        21   56.32   65.85    9.53
2026-08-04    1  64.66  70.44   5.78   8.07  21.19        18   79.03   85.71    6.68
2026-08-05    2  84.17  82.21  -1.95   7.71 -25.12        14  104.81  102.05   -2.76
2026-08-06    3  95.14  85.66  -9.48  12.32 -59.33         4  120.55  106.10  -14.45
2026-08-07    4  99.68  86.90 -12.79  16.51 -97.00         7  120.85  108.06  -12.79
2026-08-08    5  79.11  63.53 -15.59  15.59 -38.22         0   93.98   72.98  -21.00
2026-08-09    6  69.16  67.30  -1.86   7.61 -30.46        12   80.93   77.68   -3.25
2026-08-10    0  94.86  86.64  -8.23  11.17 -39.70        10  118.18  105.83  -12.35
2026-08-11    1  85.40  84.74  -0.66  10.14 -33.00         9  102.67  101.75   -0.92
2026-08-12    2  84.72  83.09  -1.63   5.72  16.75         6  100.16   98.84   -1.31
2026-08-13    3  81.79  83.81   2.02   6.47  18.34        12   97.22  100.20    2.98
2026-08-14    4  70.14  75.26   5.12   6.43  16.84        18   83.28   87.91    4.63
2026-08-15    5  59.22  52.55  -6.66   8.15 -21.89         2   68.60   59.07   -9.53
2026-08-16    6  60.92  56.83  -4.09   5.01 -13.31         5   71.29   65.16   -6.13
2026-08-17    0  82.62  81.22  -1.39   7.29 -47.49        14  101.01   97.37   -3.65
2026-08-18    1  78.22  80.05   1.83   6.66 -17.27        16   93.18   94.10    0.93
2026-08-19    2  67.99  73.29   5.30   6.16  23.14        19   80.50   85.87    5.37
2026-08-20    3  57.97  66.04   8.07   8.33  22.89        22   66.78   77.28   10.51
2026-08-21    4  55.59  59.13   3.54   4.13  16.00        19   64.94   68.65    3.71
2026-08-22    5  53.56  47.05  -6.51   6.70 -21.15         1   61.23   52.49   -8.74
2026-08-23    6  40.05  40.59   0.54   4.03  11.33         9   42.21   43.37    1.16
2026-08-24    0  46.46  52.58   6.12   6.59  14.31        22   52.43   60.50    8.06
2026-08-25    1  51.68  63.51  11.83  11.83  24.72        24   58.99   75.30   16.31
2026-08-26    2  49.57  58.12   8.55   8.61  16.82        22   56.84   67.48   10.64
2026-08-27    3  57.81  58.12   0.30   4.53 -25.02        11   68.87   69.40    0.53
2026-08-28    4  49.67  55.81   6.14   6.61  19.94        21   56.63   65.31    8.68
2026-08-29    5  39.48  40.81   1.33   4.31   9.47        13   42.55   44.55    2.00
2026-08-30    6  44.72  42.75  -1.97   3.80   8.17         6   49.56   47.33   -2.23
2026-08-31    0  60.21  58.33  -1.87   4.99 -16.22        10   72.15   69.19   -2.95
2026-09-01    1  97.78  76.80 -20.98  20.98 -92.08         0  122.56   93.76  -28.80
2026-09-02    2  77.55  78.86   1.32   3.88  11.03        12   93.04   94.58    1.54
2026-09-03    3  86.23  82.03  -4.21   7.52 -17.44         5  103.11   98.84   -4.27
2026-09-04    4  61.22  68.51   7.29   8.35  18.94        21   70.70   80.06    9.36
2026-09-05    5  43.48  47.07   3.60   4.92  11.08        19   46.31   50.11    3.80
2026-09-06    6  42.11  39.16  -2.95   5.01 -12.12         7   44.29   40.94   -3.35
2026-09-07    0  44.21  43.66  -0.55   5.23  14.95         8   47.80   47.49   -0.31
2026-09-08    1  57.07  56.50  -0.57   5.52 -17.40        14   67.40   65.31   -2.08
2026-09-09    2  53.44  55.20   1.76   3.16  10.46        18   61.31   63.50    2.19
2026-09-10    3  52.73  53.56   0.83   4.27  20.87        12   59.65   61.40    1.75
2026-09-11    4  43.90  50.27   6.37   6.93  21.07        23   47.84   56.30    8.46
2026-09-12    5  45.46  41.92  -3.54   3.73 -13.40         6   50.18   44.91   -5.27
2026-09-13    6  43.86  46.18   2.32   4.36  10.43        17   48.39   50.59    2.20
2026-09-14    0  44.65  44.35  -0.30   3.13 -10.47        12   48.72   49.50    0.78
2026-09-15    1  40.04  41.24   1.20   3.43   7.21        17   43.03   44.24    1.21
2026-09-16    2  53.56  51.57  -1.99   3.81  -8.70         6   61.07   59.04   -2.03
2026-09-17    3  62.04  52.09  -9.94  10.77 -31.85         4   71.78   59.14  -12.64
2026-09-18    4  43.87  45.88   2.01   3.41  11.31        16   46.58   50.46    3.89
2026-09-19    5  41.88  39.22  -2.66   2.73  -6.54         3   43.80   40.74   -3.07
2026-09-20    6  41.18  35.76  -5.41   5.41 -12.32         0   43.11   36.83   -6.28
2026-09-21    0  39.89  43.98   4.09   4.19  10.69        22   43.29   47.60    4.31
2026-09-22    1  39.04  40.64   1.60   2.82   7.62        18   41.97   43.78    1.81
2026-09-23    2  36.62  37.44   0.82   3.19   7.72        14   40.76   39.86   -0.91
2026-09-24    3  39.39  41.43   2.04   3.08   6.61        19   43.06   45.43    2.37
2026-09-25    4  42.50  42.41  -0.10   2.70   6.36        11   44.82   45.63    0.81
2026-09-26    5  40.42  35.63  -4.80   4.96 -13.94         2   42.46   36.18   -6.28
2026-09-27    6  39.68  38.12  -1.56   3.89 -10.29        11   43.24   39.52   -3.72

worst 12 hours model TOO LOW:
      date  he    da  p_da   err   head
2026-08-07  12 201.6 104.6 -97.0 5910.0
2026-09-01  18 222.1 130.0 -92.1 3609.0
2026-09-01  17 208.5 131.3 -77.2 3220.0
2026-07-27  18 158.1  84.5 -73.6 7620.0
2026-09-01  19 185.3 117.8 -67.5 4039.0
2026-07-27  17 148.3  85.2 -63.1 7554.0
2026-08-06  18 196.4 137.0 -59.3 3255.0
2026-08-07  15 200.6 142.4 -58.2 4889.0
2026-09-01  20 164.0 114.5 -49.5 3988.0
2026-08-17  19 174.1 126.6 -47.5 4224.0
2026-08-06  17 183.3 136.9 -46.4 3343.0
2026-07-27  14 114.4  73.8 -40.6 8211.0

worst 12 hours model TOO HIGH:
      date  he    da  p_da  err   head
2026-08-11  17 116.6 146.1 29.5 4120.0
2026-08-11  18 119.7 145.4 25.7 3935.0
2026-08-25  16  63.0  87.8 24.7 5686.0
2026-08-25  15  51.6  75.3 23.7 6350.0
2026-08-02  16  50.6  73.8 23.2 9386.0
2026-08-19  18  93.1 116.3 23.1 5191.0
2026-08-25  22  51.4  74.4 23.0 7891.0
2026-08-20  15  60.5  83.4 22.9 6571.0
2026-07-20  20  63.6  86.4 22.8 9597.0
2026-07-20  17  66.6  89.4 22.8 8495.0
2026-07-20  18  70.5  92.4 21.9 8626.0
2026-08-25  17  85.4 106.9 21.5 5401.0

=== 2. DA - RT anatomy TORONTO: 92 days, 2199 hours (2026-06-28 to 2026-09-27) ===
mean +4.81  median +3.75  DA>RT in 62.0% of hours
spread percentiles: {0.01: np.float64(-117.94), 0.05: np.float64(-39.48), 0.1: np.float64(-23.37), 0.25: np.float64(-5.71), 0.5: np.float64(3.75), 0.75: np.float64(14.2), 0.9: np.float64(34.42), 0.95: np.float64(58.92), 0.99: np.float64(147.46)}

by HE, weekday(0) vs weekend(1): mean / median / % DA>RT
       mean       median        win      
wkend     0     1      0    1     0     1
he                                       
1      -5.1  -1.0    1.7  4.8  56.9  74.1
2      -0.8  -0.7    2.5  1.0  60.0  63.0
3       0.5  -0.8    1.4  0.3  56.9  55.6
4       2.4  -0.7    1.2 -0.6  56.9  48.1
5       1.9   0.6    1.9 -1.0  55.4  44.4
6       0.0   3.2    1.9  1.0  56.9  63.0
7       3.3   5.2    3.0  4.3  61.5  74.1
8       3.0   2.6    5.3  1.5  64.6  66.7
9       5.6   0.4    1.8  2.9  63.1  55.6
10      2.7   1.2    0.7  1.9  52.3  55.6
11     10.6  -1.6    2.0 -0.0  56.9  48.1
12      5.6  -5.6    3.6 -5.6  63.1  44.4
13      9.8  -6.9    3.2 -6.2  61.5  29.6
14     11.4  -1.0    8.0 -0.6  66.2  48.1
15     15.1  -1.3    7.2 -1.9  70.8  40.7
16     17.3  -3.6    7.5 -0.6  69.2  50.0
17     15.0  -3.2   12.0  4.1  72.3  57.7
18     29.2 -17.6   16.2  9.9  80.0  61.5
19     13.4   8.6   20.7  8.0  76.9  69.2
20     17.7   2.6   12.6  2.6  78.5  53.8
21     14.2  -3.1   10.2  5.1  73.8  57.7
22      6.6  -5.2    3.3  7.5  61.5  65.4
23     -3.1  -4.1    1.5  5.2  53.8  61.5
24     -2.4   3.6    6.6  8.5  70.8  73.1

per day, mean DA-RT by block (+ = sell won):
blk         night HE1-6  morning HE7-11  midday HE12-16  evening HE17-21  late HE22-24  dow   day
date                                                                                             
2026-06-28         10.5            -2.2           -15.5            -10.7           2.3    6  -3.0
2026-06-29          0.5           -15.3           -19.0             57.1           8.2    0   5.9
2026-06-30         14.3            19.6            21.5           -111.1         -67.9    1 -19.5
2026-07-01          0.2            -7.9            -7.8            110.4          72.6    2  28.9
2026-07-02         21.4            87.3           120.1             89.1          44.1    3  72.6
2026-07-03        -32.0            38.0            59.9            199.1          -7.4    4  52.9
2026-07-04        -11.3            -2.8            13.4           -127.0         -15.7    5 -29.0
2026-07-05         -3.5            -8.3           -27.8             34.2          11.9    6   0.2
2026-07-06         17.5            -7.4           -24.3             11.1         -11.5    0  -1.4
2026-07-07         -4.9            -6.1            15.4             13.8         -10.4    1   2.3
2026-07-08         -1.5             2.8            24.7             56.4         -22.3    2  14.3
2026-07-09         -9.8            -1.6            20.8             59.3          -4.9    3  13.3
2026-07-10          3.8            34.0             3.1             51.9          -0.9    4  19.4
2026-07-11         -6.3           -25.3            -3.0             26.2           5.4    5  -1.3
2026-07-12          2.7             9.2            -3.7             19.9           7.7    6   6.9
2026-07-13          5.4            26.6            45.9             31.9          32.6    0  27.2
2026-07-14         14.4            37.8           124.8            197.7          57.2    1  85.8
2026-07-15        -12.9           103.7           132.2            146.4          47.1    2  82.3
2026-07-16         10.4            10.0             2.1             38.8          30.7    3  17.0
2026-07-17         -2.2           -11.0           -16.1             -6.5          -7.3    4  -8.5
2026-07-18         -3.2            -3.2             8.9             12.7           7.8    5   4.0
2026-07-19          9.3            -1.3            -5.4            -15.8         -13.1    6  -4.0
2026-07-20         -1.4             6.0             6.9            -19.9           1.4    0  -1.6
2026-07-21         12.0           -13.4             4.5             10.6          13.6    1   5.1
2026-07-22         11.2             7.3            12.5              9.7           6.2    2   9.7
2026-07-23          8.4             9.2             6.4              8.1           7.1    3   7.9
2026-07-24         -0.2            -3.1             2.2            -13.0           9.9    4  -1.7
2026-07-25          9.6            18.4           -12.5              0.8         -24.1    5   0.8
2026-07-26         -0.6            -4.9           -40.8            -34.8        -111.7    6 -30.9
2026-07-27        -45.0           -20.8             9.2           -164.4         -39.0    0 -52.8
2026-07-28        -26.6             2.3           -19.9              1.8         -23.2    1 -12.8
2026-07-29          3.6           -14.3             7.3            -35.6           5.6    2  -7.3
2026-07-30         12.2             6.9             4.3             18.3          10.2    3  10.5
2026-07-31          5.6             3.7           -22.6              4.8         -38.6    4  -6.4
2026-08-01         -3.4            -2.3           -34.5            -26.9         -28.9    5 -17.7
2026-08-02          5.0            10.6            24.3             15.5          15.4    6  13.7
2026-08-03          6.7             7.5            13.1            -22.7           6.5    0   2.0
2026-08-04         12.4             5.9            17.5             -7.3          17.3    1   8.6
2026-08-05         -5.3             9.6             7.2             36.6         -35.5    2   5.3
2026-08-06        -21.4            30.3            24.2            -10.1        -128.5    3 -12.2
2026-08-07        -30.5            30.3            23.7           -250.3         -65.2    4 -56.7
2026-08-08        -25.5            28.8            50.4             23.0          29.8    5  18.7
2026-08-09          4.2            -3.6           -15.6             38.3          32.7    6   9.1
2026-08-10        -14.0            34.1           -58.1            -24.6          -3.1    0 -14.0
2026-08-11        -14.7             5.0           -14.5             41.6         -24.9    1  -0.1
2026-08-12          0.3            30.9            62.3             56.9          35.4    2  35.8
2026-08-13          4.5            19.1            11.4             29.7           9.0    3  14.8
2026-08-14        -15.2            -4.8            -5.9             25.2         -22.8    4  -3.6
2026-08-15        -10.2           -11.6           -15.9             -1.4          10.6    5  -7.2
2026-08-16          7.3             7.9             2.6            -56.7         -40.6    6 -12.9
2026-08-17         -8.5           -69.8            39.1             41.1          22.6    0   2.9
2026-08-18          9.2            29.8            32.9             58.7          11.8    1  29.1
2026-08-19         -4.4             1.3            -2.4             19.5          22.9    2   5.6
2026-08-20          4.1             7.7             4.3             -6.7          -7.8    3   1.1
2026-08-21        -11.3           -26.7           -20.0              7.8          -9.5    4 -12.1
2026-08-22          1.1             9.5            -7.3             14.6          -4.7    5   3.2
2026-08-23          5.6             5.6            19.4             18.2          14.9    6  12.3
2026-08-24          9.5             9.0            11.6             26.4           8.3    0  13.2
2026-08-25          1.3            -1.8            -0.3             20.3           2.5    1   4.4
2026-08-26          8.6            -2.7             8.6             18.3           4.9    2   7.8
2026-08-27         -4.6           -19.5             0.3             33.5          11.7    3   3.3
2026-08-28          1.8             9.0             4.2             11.6          13.7    4   7.3
2026-08-29         13.0            17.4             5.0             13.5          11.9    5  12.2
2026-08-30          4.2            -3.7             1.3             14.0           9.2    6   4.6
2026-08-31          1.6           -39.8            23.2             43.8          -4.6    0   5.5
2026-09-01          4.3            -1.4            44.8            108.9           5.3    1  33.5
2026-09-02          0.8            19.6            40.6             53.1          32.0    2  27.8
2026-09-03          6.1             0.4           -18.5             58.8           9.3    3  11.2
2026-09-04         -2.2           -10.6             2.3              7.7         -16.9    4  -2.8
2026-09-05          0.2             5.0           -10.5            -25.7           5.0    5  -5.8
2026-09-06          1.5             3.2             0.9              4.1           7.7    6   3.0
2026-09-07          6.8             1.4            -6.2             -9.9           5.4    0  -0.7
2026-09-08          2.7           -18.2            13.8             18.4          -6.1    1   2.8
2026-09-09         -3.5            -6.0            21.0             12.8           4.7    2   5.5
2026-09-10         -0.7            -6.7           -24.8             16.0          -4.4    3  -4.0
2026-09-11         -3.2             1.4             1.3            -20.1           4.2    4  -3.9
2026-09-12         -4.1             1.3            -4.9              2.6          -7.3    5  -2.2
2026-09-13         -5.9           -14.9           -17.7              1.8          10.9    6  -6.5
2026-09-14          9.9             7.9             2.1            -48.3           0.7    0  -5.4
2026-09-15          4.4             7.4           -12.5             -5.0          -3.7    1  -1.4
2026-09-16        -11.8           -26.9            -7.4              5.3         -21.3    2 -11.6
2026-09-17         -8.4           -27.3           -26.5              6.9         -25.9    3 -15.1
2026-09-18          5.4             1.5            -0.4             11.1          12.0    4   5.4
2026-09-19          0.5             0.3            -2.6             -3.2          -6.3    5  -1.8
2026-09-20         -3.2             2.2            -9.8             -1.6          11.8    6  -1.3
2026-09-21         19.5            16.5            16.5             10.9          16.0    0  16.0
2026-09-22         23.4            12.2            15.6             14.0          14.6    1  16.4
2026-09-23          9.3             5.2             8.7              5.1           8.3    2   7.3
2026-09-24         -9.7            -3.3            -0.8              2.2           6.9    3  -2.0
2026-09-25          1.1            -3.5             2.9              1.2           4.9    4   1.0
2026-09-26          2.7            -3.0            -5.8             -1.7           8.5    5  -0.4
2026-09-27          2.3            10.0            11.4              NaN           NaN    6   7.3

share of days each block favoured SELL (%): {'night HE1-6': np.float64(59.0), 'morning HE7-11': np.float64(58.0), 'midday HE12-16': np.float64(60.0), 'evening HE17-21': np.float64(70.0), 'late HE22-24': np.float64(61.0)}
morning HE7-11: mean +4.03, median +1.85, sell won 53 of 92 days; weekends mean +1.57

largest 15 hours RT >> DA (the sell risk):
      date  he    da    rt     sp   head    gapT
2026-07-04  18 182.1 776.6 -594.5 6640.0   547.2
2026-06-30  20 238.6 679.3 -440.7 5733.0  -914.1
2026-08-07  19 111.6 543.7 -432.1 5237.0  -147.2
2026-08-07  18 131.1 437.8 -306.7 4662.0  -254.5
2026-07-27  19 116.3 418.9 -302.6 7965.0   366.6
2026-07-27  20 102.5 396.8 -294.3 8247.0   162.0
2026-08-07  17 175.5 418.0 -242.4 4432.0  -142.3
2026-07-27  18 158.1 381.1 -223.0 7620.0   401.6
2026-06-30  19 238.6 437.7 -199.0 5176.0 -1071.7
2026-07-03   1  45.7 230.8 -185.1 8912.0  -405.0
2026-08-06  22 104.5 265.5 -161.0 6011.0  -421.8
2026-08-07  24  54.0 203.6 -149.6 9925.0  -143.1
2026-06-30  21 150.1 297.5 -147.4 6070.0  -687.8
2026-08-16  21  87.7 229.2 -141.5 7201.0  -184.7
2026-07-01  17 252.1 388.6 -136.5 4853.0  -741.5

=== 3. Walk-forward signals TORONTO: 70 test days 2026-07-20..2026-09-27 ===
sign hit-rate of regression: 58.8% vs 61.6% for always picking the majority side; corr = 0.097
  corr(prof   , spread) = -0.052  (n=1671)
  corr(lag2   , spread) = -0.006  (n=1671)
  corr(head_k , spread) = -0.069  (n=1671)
  corr(gapT_k , spread) = -0.035  (n=1633)
  corr(wind_k , spread) = +0.071  (n=1671)
  corr(dem_k  , spread) = +0.027  (n=1671)
  corr(nyx    , spread) = -0.175  (n=1671)
  corr(pda    , spread) = +0.090  (n=1671)
regression forecast quintile -> realised spread:
            s_hat  realised  median    win    n
q                                              
Q1 lowest   -4.61     -2.99    0.78  52.24  335
Q2          -0.29      0.13    2.46  59.58  334
Q3           2.79      0.77    2.93  60.48  334
Q4           6.03      1.73    4.79  64.07  334
Q5 highest  11.57      5.70    9.40  71.86  334
                                          rule  hours  sells  buys  usd_mwh          ci90  win  total  days  days_up  worst_day  best_day
                             A sell every hour   1671   1671     0     1.06  -1.96..+4.00 61.6   1778    70       56      -1360       858
              B v1 rules (in-sample 8,500/600)    685    653    32     3.45  -1.77..+8.86 63.2   2362    66       65      -1344       783
                           C v1 sell side only    653    653     0     3.36  -2.45..+8.72 63.1   2193    62       65      -1344       783
                            D v1 buy side only     32      0    32     5.29  -3.95..+9.67 65.6    169     8       62        -35       169
E headroom rule, threshold picked walk-forward    273    273     0    12.46 +1.30..+22.49 71.4   3402    33       73      -1011       765
   F hour profile: sell if trailing median > 0   1442   1442     0     1.06  -2.40..+4.13 61.8   1524    70       57      -1360       814
        G hour profile both ways (buy if < -2)   1552   1442   110     0.73  -2.26..+3.56 59.9   1139    70       60      -1360       814
                     H regression: sell if > 0   1153   1153     0     2.50  -0.92..+5.66 64.8   2882    70       60      -1108       801
          I regression both ways (buy if < -2)   1494   1153   341     2.57  -0.04..+5.01 60.8   3846    70       64      -1108       785
              J regression strong: sell if > 3    812    812     0     3.37  -1.04..+7.76 66.9   2738    68       68      -1153       781
         K sell unless Tesla >= 600 above IESO   1636   1636     0     1.19  -1.91..+4.04 62.2   1941    70       57      -1360       858
      L sell all except HE17-21 when not tight   1564   1564     0     1.03  -2.19..+3.92 61.3   1604    70       57      -1360       858

offer-price execution, sell every hour but only clears if DA >= offer (61 days):
offer_at  cleared   of  usd_mwh  win  total  missed_hours_avg
    none     1455 1455     2.48 62.7   3610               NaN
     q10     1298 1455     2.51 62.4   3264              2.20
     q25     1093 1455     3.09 61.7   3378              0.64
     q50      725 1455     4.07 61.7   2950              0.90
     q75      369 1455     4.42 59.9   1629              1.82

daily record, 1 MW per hour ($):
            dow  spread  sell_all  v1_sell  v1_buy      v1  reg_sell  reg_buy     reg
date                                                                                 
2026-07-20    0    -1.6     -38.9       15       0   -50.0        16        5   -39.8
2026-07-21    1     5.1     121.2        2       4   -66.6        22        1    65.3
2026-07-22    2     9.7     233.4        0       0     0.0        17        3   162.0
2026-07-23    3     7.9     190.4        6       0    83.8        10       11     1.9
2026-07-24    4    -1.7     -41.2        9       0   -87.4        14        6   -69.2
2026-07-25    5     0.8      19.1       11       0    51.4        14        7   -37.5
2026-07-26    6   -30.9    -741.2        6       0   -93.6         7       16    85.2
2026-07-27    0   -52.8   -1267.0       11       0  -811.7        11        9  -706.0
2026-07-28    1   -12.8    -308.3        0      14   169.0         5       16   215.3
2026-07-29    2    -7.3    -174.4        1       0     1.9        15        7   -96.1
2026-07-30    3    10.5     251.6       10       0   140.2        12        9    25.4
2026-07-31    4    -6.4    -152.9       23       0  -131.7        16        3  -110.7
2026-08-01    5   -17.7    -425.1        7       1  -220.3         2       19   311.3
2026-08-02    6    13.7     328.1        2       0    40.6         7       14   -34.5
2026-08-03    0     2.0      49.0       23       0    50.4        23        0    49.0
2026-08-04    1     8.6     206.6       20       0   145.3        20        2   124.3
2026-08-05    2     5.3     128.2       24       0   128.2        24        0   128.2
2026-08-06    3   -12.2    -291.9       17       0    -1.0        23        0  -204.0
2026-08-07    4   -56.7   -1360.3       13       0 -1344.5        18        0 -1108.4
2026-08-08    5    18.7     447.7       19       0   298.9        22        1   356.7
2026-08-09    6     9.1     218.9       19       0   174.2        15        6   101.2
2026-08-10    0   -14.0    -336.2       11       0  -311.5        20        1  -249.4
2026-08-11    1    -0.1      -2.5       10       0   111.6         6       14   316.1
2026-08-12    2    35.8     858.3       12       0   548.5         5       18  -383.2
2026-08-13    3    14.8     354.3       13       0   199.8         9       12    52.6
2026-08-14    4    -3.6     -87.4       13       0   158.4        18        5   116.0
2026-08-15    5    -7.2    -173.5        8       0   -42.8        11       10   149.2
2026-08-16    6   -12.9    -308.8        8       1  -339.5        13        9  -529.0
2026-08-17    0     2.9      69.3        9       0   355.8        20        3   104.9
2026-08-18    1    29.1     698.0       24       0   698.0        23        0   688.6
2026-08-19    2     5.6     134.6        8       0    71.4        17        3   171.0
2026-08-20    3     1.1      27.5       10       0   -42.1        12        8   -84.9
2026-08-21    4   -12.1    -290.9       11       0   -65.3        18        2  -231.5
2026-08-22    5     3.2      76.4       11       0   108.3        18        3   127.4
2026-08-23    6    12.3     294.1        0       0     0.0        24        0   294.1
2026-08-24    0    13.2     316.5        5       0   123.9        24        0   316.5
2026-08-25    1     4.4     106.6        9       0   105.2        21        0   101.1
2026-08-26    2     7.8     187.4       11       0   141.1        24        0   187.4
2026-08-27    3     3.3      79.3        8       0   180.0        17        2    32.3
2026-08-28    4     7.3     176.0        8       0    70.6        12        8    62.6
2026-08-29    5    12.2     293.3        3       0    63.5        21        3   283.6
2026-08-30    6     4.6     110.6        9       0    49.9        13        7    18.6
2026-08-31    0     5.5     131.4        8       0   321.5         5       18   212.0
2026-09-01    1    33.5     803.2        9       0   782.8        18        2   784.6
2026-09-02    2    27.8     667.1       10       0   423.5        20        1   656.8
2026-09-03    3    11.2     267.6        9       0   286.0        17        6   193.3
2026-09-04    4    -2.8     -66.4        9       0   112.9        14        9   -34.6
2026-09-05    5    -5.8    -139.5       16       0  -155.5        24        0  -139.5
2026-09-06    6     3.0      72.9        8       0    46.4        18        2    84.5
2026-09-07    0    -0.7     -16.1       18       0   -23.8        14        6   -10.7
2026-09-08    1     2.8      67.8       18       0    85.0        21        1    72.2
2026-09-09    2     5.5     132.7       18       0   105.7        24        0   132.7
2026-09-10    3    -4.0     -95.2        8       0   -37.9        22        0   -85.9
2026-09-11    4    -3.9     -93.2       11       0  -101.2        17        0   -95.5
2026-09-12    5    -2.2     -52.1       19       0   -19.1        24        0   -52.1
2026-09-13    6    -6.5    -156.8        9       0   -83.6        24        0  -156.8
2026-09-14    0    -5.4    -130.7        8       0  -199.3        17        2  -178.0
2026-09-15    1    -1.4     -34.8        5       0     9.5        24        0   -34.8
2026-09-16    2   -11.6    -279.4       12       0   -16.4        10       10   197.3
2026-09-17    3   -15.1    -362.4        8       0    22.2         5       18   408.4
2026-09-18    4     5.4     130.1        1       0     2.5        11        5    48.7
2026-09-19    5    -1.8     -43.3        0       1     4.4        21        0   -34.4
2026-09-20    6    -1.3     -30.0        0       5    43.7        19        1    -0.1
2026-09-21    0    16.0     384.3        4       0    53.0        22        0   334.1
2026-09-22    1    16.4     393.3        1       0    31.6        24        0   393.3
2026-09-23    2     7.3     175.2        0       3   -14.1        23        0   170.9
2026-09-24    3    -2.0     -47.3        3       3    17.3        19        2     0.9
2026-09-25    4     1.0      24.1        2       0     3.7         8        8    26.6
2026-09-26    5    -0.4     -10.7        0       0     0.0        14        7    78.6
2026-09-27    6     7.3     109.6        0       0     0.0        24        0   109.6

permutation: regression-selected sell hours avg +2.50 vs random same-count +1.06; p = 0.003

by month $/MWh:
            A     B     I
month                    
2026-07 -6.63 -7.10 -2.00
2026-08  2.71  5.01  2.20
2026-09  2.61  6.33  5.04

=== 4. Generation: RT actual minus DA schedule vs DA-RT (TORONTO, 90 days, 2160 h) ===
            count   mean    std     min     10%    50%    90%     max
d_dem      2160.0 -377.0  691.0 -4501.0 -1130.0 -313.0  333.0  1822.0
d_wind     2160.0   17.0  192.0 -1020.0  -194.0    2.0  253.0   912.0
d_wind_fc  2160.0  -17.0  282.0 -1021.0  -311.0  -55.0  360.0  1223.0
d_solar    2160.0  -11.0   25.0  -236.0   -42.0    0.0    3.0    74.0
d_nuc      2160.0    0.0   69.0  -872.0   -68.0    2.0   67.0  1127.0
d_exp      2160.0    1.0  118.0 -1248.0   -93.0   -4.0  103.0  1276.0
d_gas      2160.0 -247.0  329.0 -1969.0  -688.0 -170.0   80.0   709.0
d_hydro    2160.0  138.0  163.0 -2798.0   -58.0  153.0  310.0   699.0

correlation with DA-RT (causes on top; gas/hydro are the RESPONSE, shown for reading only):
  d_dem      -0.454
  d_wind     +0.148
  d_wind_fc  +0.127
  d_solar    -0.113
  d_nuc      +0.079
  d_exp      -0.148
  d_gas      -0.330
  d_hydro    -0.161

OLS DA-RT per +1,000 MW of (actual minus what DA assumed):
  const          -2.88 $/MWh
  demand        -18.32 $/MWh
  wind          +22.06 $/MWh
  solar          +0.47 $/MWh
  nuclear       +13.16 $/MWh
  net exports   -18.75 $/MWh
  R2 = 0.312, n = 2160

DA price level vs DA schedule, corr:
  gas_sch      +0.641
  hydro_sch    +0.616
  nuclear_sch  +0.094
  wind_sch     -0.067
  da_net_exp   -0.496

by DA gas schedule (MW):
                 n     da     rt  spread  sell_win
gas_band                                          
(0, 2000]        6   26.3   15.8    10.5     100.0
(2000, 3000]    71   30.8   21.3     9.5      78.9
(3000, 4000]   172   34.7   26.9     7.7      78.5
(4000, 5000]   371   38.6   36.1     2.5      66.0
(5000, 6000]   593   49.6   52.9    -3.3      53.3
(6000, 8000]   911   84.4   75.7     8.7      61.1
(8000, 12000]   36  244.6  203.0    41.6      69.4

Lennox running in RT vs not:
           n     da    rt  spread
ln_out                           
False   1704   49.0  48.7     0.3
True     456  119.0  97.0    22.0

IESO pre-DA forecast bias (actual minus forecast), by HE: demand / wind
he            1      2      3      4      5      6      7      8      9      10     11     12     13     14     15     16     17     18     19     20     21     22     23     24
d_dem     -263.0 -246.0 -208.0 -189.0 -373.0 -551.0 -466.0 -360.0 -343.0 -344.0 -324.0 -342.0 -341.0 -402.0 -518.0 -553.0 -433.0 -436.0 -424.0 -426.0 -395.0 -381.0 -356.0 -378.0
d_wind_fc   40.0   29.0   21.0   30.0   24.0   32.0  -10.0 -110.0 -193.0 -166.0 -128.0  -95.0  -46.0   22.0   41.0   27.0   25.0  -14.0  -59.0  -35.0    2.0    4.0   65.0   80.0
